$ 1 0.000005 2.3728258192205156 53 5 50 5e-11
r 256 144 256 208 0 4700
w 208 144 256 144 0
w 256 144 352 144 0
r 352 144 352 208 0 10000
R 416 304 416 256 0 0 40 3.3 0 0 0.5
r 416 368 416 304 0 10000
g 352 208 352 224 0 0
w 528 368 464 368 3
t 256 208 256 240 2 1 -3.29999966411726 1.526265369423148e-8 100 default
w 464 368 416 368 0
g 272 400 272 416 0 0
r 192 256 192 320 0 100000
w 192 208 192 256 0
r 272 240 272 320 0 150
f 272 320 272 368 32 1.5 0.02
w 192 208 256 208 0
r 320 304 384 304 0 47000
w 272 320 320 320 0
w 256 368 240 368 0
r 304 400 352 400 0 150
c 352 400 416 400 4 1e-8 -0.00916376657913526 0.001 0
w 416 368 416 400 0
w 416 304 384 304 0
w 320 304 320 320 0
w 352 144 464 144 0
w 464 144 528 144 3
w 288 368 320 368 0
w 320 368 416 368 3
w 240 256 240 240 0
w 240 320 240 368 0
w 240 256 240 320 0
w 192 320 240 320 0
g 32 288 32 304 0 0
w -96 528 -128 528 0
w -32 480 -32 528 0
r 80 480 0 480 0 150
r -128 448 -16 448 0 100000
f 80 480 80 528 33 1.5 0.02
r 80 480 144 480 0 47000
r -16 384 -16 448 0 4700
R 144 448 144 416 0 0 40 5 0 0 0.5
t -16 448 -16 480 2 1 -4.999998933594788 5.85475212052483e-7 100 default
g -128 576 -128 592 0 0
w 112 384 -16 384 0
w -96 528 -32 528 0
t -80 256 -32 256 2 1 -3.2999990951446323 5.769043203827875e-7 100 default
w 128 176 128 224 0
w 128 224 112 224 0
R 128 176 192 176 0 0 40 3.3 0 0 0.5
r -80 256 -144 256 0 4700
r 112 352 16 352 0 4700
w 16 352 -80 352 3
w 208 144 128 144 0
w -160 256 -144 256 0
d -160 144 -160 256 2 1N4004
w 128 144 -160 144 0
s -112 384 -32 384 4 1 false Relay\sReset
w -128 528 -128 448 0
w 128 144 128 112 0
w 112 352 112 384 0
178 64 688 144 688 14 1 0.2 7.380686381426374e-8 0.05 1000000 0.02 20 0.015 0.005 0
178 208 688 288 688 14 1 0.2 7.380686381426374e-8 0.05 1000000 0.02 20 0.015 0.005 0
178 -80 688 0 688 14 1 0.2 7.380686381426374e-8 0.05 1000000 0.02 20 0.015 0.005 0
w -128 576 -128 528 0
w 96 528 144 528 0
w 144 528 144 480 0
w 64 560 64 528 0
w 144 624 144 656 0
w 0 624 0 656 0
w 0 672 16 672 0
w 16 672 16 736 0
w 144 672 160 672 0
w 160 672 160 736 0
w 288 672 304 672 0
w 304 672 304 736 0
w -80 688 -80 736 0
w 64 688 64 736 0
w 208 688 208 736 0
207 160 736 176 768 4 AIN1[1]
207 -80 736 -32 784 4 MCU:GPIO15
207 16 736 32 768 4 AIN2[1]
207 64 736 112 784 4 MCU:GPIO8
207 208 736 256 784 4 MCU:GPIO9
207 304 736 320 768 4 AIN2[2]
207 128 112 128 80 4 MCU:EXIO7
w -32 528 0 560 0
w 64 560 64 592 0
w 64 592 -80 592 0
w 64 592 208 592 0
w 288 608 144 608 0
w 144 608 144 624 0
w 144 608 0 608 0
w 0 608 0 624 0
w 0 608 0 560 0
x -82 59 358 62 4 18 STBY/RST\sKillswitch\s\p\sLatching\sStrapping\sPin\sIsolation
x 371 475 481 478 4 24 Society\sv1
x 371 503 629 506 4 24 Designed\sby:\sEvan\sLevy
w -32 384 -16 384 0
w -112 384 -128 384 0
L 128 112 176 112 0 0 false 5 0
M 528 144 528 192 0 2.5
M 528 368 528 320 0 2.5
r 48 240 48 176 0 47000
r 48 240 0 240 0 1000
w 48 176 128 176 0
w -128 384 -128 448 0
d 144 624 80 624 2 default
d 288 624 224 624 2 default
d 0 624 -80 624 2 default
w 288 608 288 624 0
w 288 624 288 656 0
w 224 624 208 624 0
w 208 624 208 656 0
w 208 624 208 592 0
w 80 624 64 624 0
w 64 624 64 656 0
w 64 624 64 592 0
w -80 656 -80 624 0
w -80 624 -80 592 0
r -80 304 -16 304 0 100000
w -80 256 -80 304 0
w -80 304 -80 320 0
x -148 185 -113 188 4 12 BAT46
x -89 226 -47 229 4 12 2N3904
x 131 246 173 249 4 12 2N3906
x 297 343 325 346 4 12 A09T
x -27 509 15 512 4 12 2N3904
x 270 211 312 214 4 12 2N3904
x 71 550 99 553 4 12 A19T
x -59 643 -31 646 4 8 1N4148
x 91 643 119 646 4 8 1N4148
x 232 642 260 645 4 8 1N4148
x 569 375 617 378 6 24 RST
w 528 368 560 368 0
w 528 144 560 144 0
x 567 155 629 158 6 24 STBY
w 240 368 240 400 0
w 240 400 272 400 0
w 272 400 304 400 0
32 2N3906 0 1.0000000000000001e-16 0 0 1.5 0 0 2 1 1 0 0 1
t 64 240 112 240 3 -1 -3.2115104620089596e-7 3.2999990898264016 100 2N3906
w 144 480 144 448 0
w -80 352 -80 320 0
w 112 352 112 320 0
w -32 272 0 272 0
w -16 304 0 304 0
w 0 304 0 288 0
w 0 288 0 272 0
w 0 288 16 288 0
w 16 288 32 288 0
403 576 416 704 480 0 133_8_0_4099_0.01953125_0.00009765625_-1_2_133_3
w 64 240 48 240 0
403 -352 272 -176 480 0 150_16_0_4099_10_0.003125_-1_2_150_3
w -32 240 0 240 0
w 112 288 112 256 0
w 112 288 112 320 0
