$ 1 0.000005 12.050203812241895 57 5 50 5e-11
r 256 144 256 208 0 4700
w 208 144 256 144 0
w 256 144 352 144 0
r 352 144 352 208 0 10000
R 416 304 416 256 0 0 40 3.3 0 0 0.5
r 416 368 416 304 0 10000
g 352 208 352 224 0 0
L 208 144 208 96 0 1 false 3.3 0
w 464 368 528 368 3
t 256 208 256 240 0 1 0.5804366936002305 0.5991144367956079 100 default
w 464 368 416 368 0
g 224 432 224 448 0 0
r 192 256 192 320 0 100000
w 192 208 192 256 0
r 272 240 272 320 0 150
f 272 320 272 368 32 1.5 0.02
w 192 208 256 208 0
r 320 304 384 304 0 100000
w 272 320 320 320 0
w 256 368 240 368 0
w 240 368 224 368 0
w 224 368 224 400 0
w 224 400 224 432 0
r 224 400 304 400 0 150
c 304 400 384 400 4 1e-7 -3.2979558716302733 0.001 0
w 416 368 416 400 0
w 416 400 384 400 0
403 544 320 752 416 0 8_64_0_4098_5_0.00625_-1_2_8_3_RESET
w 416 304 384 304 0
w 320 304 320 320 0
w 352 144 464 144 0
w 464 144 528 144 3
403 544 96 752 192 0 31_64_0_4098_5_0.00009765625_-1_2_31_3_STBY
w 288 368 320 368 0
w 320 368 416 368 0
w 240 256 240 240 0
w 240 320 240 368 0
M 528 144 528 208 0 3.3
M 528 368 528 272 0 2.8
w 240 256 240 320 0
w 192 320 240 320 0
R 448 480 400 512 0 0 40 3.3 0 0 0.5
162 448 416 528 368 2 default-led 1 0 0 0.01
r 448 416 448 480 0 480.52
w 208 144 80 144 0
g -80 288 -80 304 0 0
178 80 416 -32 416 14 3 0.2 0.022082369342791782 0.05 1000000 0.02 112 0.01 0.005 1
L 80 416 128 416 0 1 false 3.3 0
t 80 208 80 240 0 1 0.5804368802434284 0.5991084017045176 100 default
R 160 272 160 240 0 0 40 3.3 0 0 0.5
r 80 144 80 208 0 4700
r 96 304 160 304 0 100000
w 112 352 160 352 0
w 160 352 160 304 0
f 96 304 96 352 33 1.5 0.02
w 80 384 80 352 0
r 0 208 80 208 0 100000
w -64 432 -32 432 0
M -96 400 -112 384 4 2.5
d -32 352 80 352 2 default
w -32 352 -32 304 0
w -32 352 -32 384 0
w -32 448 -96 448 0
w -32 480 -64 480 0
w -32 496 -96 496 0
w -32 528 -64 528 0
w -32 400 -96 400 0
M -96 448 -112 432 4 2.5
M -96 496 -112 480 4 2.5
L 768 352 816 352 0 1 false 3.3 0
L 832 352 880 352 0 1 false 3.3 0
L 80 464 128 464 0 1 false 3.3 0
L 80 512 128 512 0 1 false 3.3 0
r 96 304 96 240 0 1000
w 160 304 160 272 0
w 0 208 0 288 0
w 64 240 64 288 0
w 64 288 0 288 0
w 0 288 -32 288 0
w -32 288 -32 304 0
w -32 288 -80 288 0
o 58 16 0 4098 5 0.1 0 1
38 12 F1 0 1 100000 -1 Resistance
38 43 F1 0 1 1000 -1 Resistance
