$ 1 0.000005 3.3115451958692312 56 5 50 5e-11
r 256 144 256 208 0 4700
w 208 144 256 144 0
w 256 144 352 144 0
r 352 144 352 208 0 10000
R 416 304 416 256 0 0 40 3.3 0 0 0.5
r 416 368 416 304 0 10000
g 352 208 352 224 0 0
w 528 368 464 368 3
t 256 208 256 240 2 1 -3.2998353703456864 0.00016394858748378612 100 default
w 464 368 416 368 0
g 224 432 224 448 0 0
r 192 256 192 320 0 100000
w 192 208 192 256 0
r 272 240 272 320 0 150
f 272 320 272 368 32 1.5 0.02
w 192 208 256 208 0
r 320 304 384 304 0 100000
w 272 320 320 320 0
w 256 368 240 368 0
w 240 368 224 368 0
w 224 368 224 400 0
w 224 400 224 432 0
r 224 400 304 400 0 150
c 304 400 384 400 4 1e-7 -0.009163768418275767 0.001 0
w 416 368 416 400 0
w 416 400 384 400 0
w 416 304 384 304 0
w 320 304 320 320 0
w 352 144 464 144 0
w 464 144 528 144 3
w 288 368 320 368 0
w 320 368 416 368 0
w 240 256 240 240 0
w 240 320 240 368 0
w 240 256 240 320 0
w 192 320 240 320 0
162 -128 352 -192 352 2 default-led 1 0 0 0.01
r -192 352 -192 416 0 510
g -32 272 -32 288 0 0
w -96 496 -128 496 0
w -32 448 -32 496 0
r 80 448 0 448 0 150
d 0 528 64 528 2 default
r -128 416 -16 416 0 100000
f 80 448 80 496 33 1.5 0.02
r 80 448 144 448 0 100000
r -16 352 -16 416 0 4700
R 144 400 144 368 0 0 40 5 0 0 0.5
t -16 416 -16 448 2 1 0.5802023744020381 0.5992700088448606 100 default
g -128 544 -128 560 0 0
w 112 352 -16 352 0
w -96 496 -32 496 0
t -80 256 -32 256 2 1 0.5788045267617083 0.6312625672614682 100 default
t 64 240 112 240 2 -1 -0.6196998701618122 -0.6428292109287246 100 default
r -32 240 64 240 0 1000
r -32 240 -32 176 0 10000
w 0 176 128 176 0
w 128 176 128 224 0
w 128 224 112 224 0
w -32 176 0 176 0
R 128 176 192 176 0 0 40 3.3 0 0 0.5
r -80 256 -144 256 0 4700
r 112 320 16 320 0 4700
w 16 320 -80 320 0
w -80 320 -80 256 0
w 112 320 112 256 0
w 208 144 128 144 0
w -160 256 -144 256 0
d -160 144 -160 256 2 1N4004
w 128 144 -160 144 0
s -112 352 -32 352 4 1 false Relay\sReset
w -128 496 -128 416 0
w -192 416 -128 416 0
w 128 144 128 112 0
w 112 320 112 352 0
178 64 656 144 656 14 1 0.2 0.040216698499608204 0.05 1000000 0.02 20 0.015 0.005 1
178 208 656 288 656 14 1 0.2 0.040216698499608204 0.05 1000000 0.02 20 0.015 0.005 1
178 -80 656 0 656 14 1 0.2 0.040216698499608204 0.05 1000000 0.02 20 0.015 0.005 1
w 144 400 144 448 0
w -128 544 -128 496 0
w 96 496 144 496 0
w 144 496 144 448 0
w 64 528 64 496 0
w 144 592 144 624 0
w 0 592 0 624 0
w 0 640 16 640 0
w 16 640 16 704 0
w 144 640 160 640 0
w 160 640 160 704 0
w 288 640 304 640 0
w 304 640 304 704 0
w -80 656 -80 704 0
w 64 656 64 704 0
w 208 656 208 704 0
207 160 704 176 736 4 AIN1[1]
207 -80 704 -32 752 4 MCU:GPIO15
207 16 704 32 736 4 AIN2[1]
207 64 704 112 752 4 MCU:GPIO8
207 208 704 256 752 4 MCU:GPIO9
207 304 704 320 736 4 AIN2[2]
207 528 368 608 368 4 RST
207 528 144 608 144 4 STBY
207 128 112 128 80 4 MCU:EXIO7
w -32 496 0 528 0
w 64 528 64 560 0
w 64 560 64 624 0
w 64 560 -80 560 0
w -80 560 -80 624 0
w 64 560 208 560 0
w 208 560 208 624 0
w 288 624 288 576 0
w 288 576 144 576 0
w 144 576 144 592 0
w 144 576 0 576 0
w 0 576 0 592 0
w 0 576 0 528 0
x -82 59 358 62 4 18 STBY/RST\sKillswitch\s\p\sLatching\sStrapping\sPin\sIsolation
x 371 475 481 478 4 24 Society\sv1
x 371 503 629 506 4 24 Designed\sby:\sEvan\sLevy
w -32 352 -16 352 0
w -112 352 -128 352 0
38 37 F1 0 1 1000 -1 Resistance
