$ 1 0.000005 1.700203994009402 61 5 50 5e-11
r 256 144 256 208 0 4700
w 208 144 256 144 0
w 256 144 352 144 0
r 352 144 352 208 0 10000
R 416 304 416 256 0 0 40 3.3 0 0 0.5
r 416 368 416 304 0 10000
g 352 208 352 224 0 0
L 208 144 208 96 0 0 false 3.3 0
w 464 368 528 368 3
t 256 208 256 240 0 1 -3.2999993037173456 1.526265207639041e-8 100 default
w 464 368 416 368 0
g 224 432 224 448 0 0
r 192 256 192 320 0 100000
w 192 208 192 256 0
r 272 240 272 320 0 150
f 272 320 272 368 32 1.5 0.02
w 192 208 256 208 0
r 320 304 384 304 0 100000
w 272 320 320 320 0
w 256 368 240 368 0
w 240 368 224 368 0
w 224 368 224 400 0
w 224 400 224 432 0
r 224 400 304 400 0 150
c 304 400 384 400 4 1.0000000000000001e-7 -0.09990859567345828 0.001 0
w 416 368 416 400 0
w 416 400 384 400 0
403 544 320 752 416 0 8_64_0_4098_5_0.00625_-1_2_8_3_RESET
w 416 304 384 304 0
w 320 304 320 320 0
w 352 144 464 144 0
w 464 144 528 144 3
403 544 96 752 192 0 31_64_0_4098_5_0.00009765625_-1_2_31_3_STBY
w 288 368 320 368 0
w 320 368 416 368 0
w 240 256 240 240 0
w 240 320 240 368 0
M 528 144 528 208 0 3.3
M 528 368 528 272 0 2.8
w 240 256 240 320 0
w 192 320 240 320 0
R 448 480 400 512 0 0 40 3.3 0 0 0.5
162 448 416 528 368 2 default-led 1 0 0 0.01
r 448 416 448 480 0 480.52
o 8 16 0 4098 5 0.0125 0 4 8 3 31 0 31 3 Combined
38 12 F1 0 1 100000 -1 Resistance
38 43 F1 0 1 1000 -1 Resistance
